 <pre>

 Contingency table for Visibility (m)
 Selection: ALL    711 stations
Period: 20240129-20240210
Used {00,03,...,21} + 00 03 ... 48
 Limits    1000.00000       5000.00000       10000.0000       20000.0000    
 Each class is data <= limit, the very last > last limit
 Total number of values      351894
                                     OBSERVATION
                                   3426     5021     1652     1167      741 |     12007
                                   2534    18278    11061    10004     9107 |     50984
                    sam0mbr000      817     9156    14948    21797    22082 |     68800
                                    474     4829    12963    32053    53785 |    104104
                                    729     5880    11501    31639    66250 |    115999

                    SUM            7980    43164    52125    96660   151965 |    351894
                                     OBSERVATION
                                   3445     5031     1652     1213      711 |     12052
                                   2515    18341    11219    10099     9216 |     51390
                    sam4mbr000      797     9179    14872    21750    22077 |     68675
                                    474     4773    12895    32047    53665 |    103854
                                    749     5840    11487    31551    66296 |    115923

                    SUM            7980    43164    52125    96660   151965 |    351894

