 <pre>

 Contingency table for Max Wind Gust (m/s)
 Selection: ALL    619 stations
Period: 20240129-20240210
Used {00,03,...,21} + 03 06 ... 48
 Limits    5.50000000       8.00000000       10.8000002       13.8999996       18.0000000       24.5000000       28.0000000       30.0000000       32.5999985    
 Each class is data <= limit, the very last > last limit
 Total number of values      208549
                                                       OBSERVATION
                                  47070     6869     1671      467      157       22        6        0        0        1 |     56263
                                  11635    12764     5264     1230      327       42        0        2        0        0 |     31264
                                   3568     9843    11455     4337     1075      176        8        2        1        0 |     30465
                                   1256     3519    10086    11216     4227      669       27        4        2        3 |     31009
                    sam0mbr000      594     1078     4025    11169    12399     3337      163       24       21        8 |     32818
                                    144      285      852     2377     6911     8503     1055      201      113       79 |     20520
                                      8       19       63      169      497     1552      759      271      159      144 |      3641
                                      3        9       14       23       89      343      261      103      106      133 |      1084
                                      1        3        5       12       45      196      142      103       97      160 |       764
                                      6        5        4        7       16       90       77       53       97      366 |       721

                    SUM           64285    34394    33439    31007    25743    14930     2498      763      596      894 |    208549
                                                       OBSERVATION
                                  47018     6872     1724      468      150       17        6        2        1        1 |     56259
                                  11649    12731     5276     1268      339       40        2        0        0        0 |     31305
                                   3618     9880    11350     4324     1052      176        6        2        0        1 |     30409
                                   1251     3516    10136    11181     4260      683       27        4        2        2 |     31062
                    sam4mbr000      579     1059     4011    11212    12413     3352      170       22       21        5 |     32844
                                    150      287      854     2339     6901     8498     1028      203      112       72 |     20444
                                      9       32       65      167      483     1547      800      268      159      158 |      3688
                                      4        7       13       27       94      319      246      114      107      125 |      1056
                                      1        8        6       13       31      195      138       97       96      167 |       752
                                      6        2        4        8       20      103       75       51       98      363 |       730

                    SUM           64285    34394    33439    31007    25743    14930     2498      763      596      894 |    208549

