 <pre>

 Contingency table for Cloud cover (octas)
 Selection: ALL    400 stations
Period: 20240129-20240210
Used {00,03,...,21} + 03 06 ... 48
 Limits   0.500000000       1.50000000       2.50000000       3.50000000       4.50000000       5.50000000       6.50000000       7.50000000    
 Each class is data <= limit, the very last > last limit
 Total number of values      151548
                                                       OBSERVATION
                                   4224      851      831      423      206      337      412      315      797 |      8396
                                   1118      319      414      246      141      222      308      310      861 |      3939
                                    663      225      271      210      123      185      300      247      775 |      2999
                                    544      170      259      179      112      147      276      259      842 |      2788
                    sam0mbr000      495      165      242      183       96      192      307      253      961 |      2894
                                    466      135      236      187      115      219      317      322     1124 |      3121
                                    545      177      297      221      149      265      478      462     1632 |      4226
                                    849      273      399      386      235      428      815      847     3379 |      7611
                                   3162     1154     1784     1897     1410     2574     5663    17877    80053 |    115574

                    SUM           12066     3469     4733     3932     2587     4569     8876    20892    90424 |    151548
                                                       OBSERVATION
                                   4216      818      821      436      208      335      433      318      792 |      8377
                                   1103      334      418      248      149      217      318      293      867 |      3947
                                    673      215      265      205      110      185      296      257      841 |      3047
                                    552      171      274      178      117      161      267      257      823 |      2800
                    sam4mbr000      471      156      241      173       94      188      303      297      919 |      2842
                                    458      154      250      166      125      196      340      324     1089 |      3102
                                    546      158      293      233      141      253      468      482     1604 |      4178
                                    847      313      415      364      238      453      818      856     3247 |      7551
                                   3200     1150     1756     1929     1405     2581     5633    17808    80242 |    115704

                    SUM           12066     3469     4733     3932     2587     4569     8876    20892    90424 |    151548

