 <pre>

 Contingency table for U10m (m/s)
 Selection: ALL   1017 stations
Period: 20240129-20240210
Used {00,03,...,21} + 00 03 ... 48
 Limits    1.50000000       3.29999995       5.50000000       8.00000000       10.8000002       13.8999996       24.5000000    
 Each class is data <= limit, the very last > last limit
 Total number of values      522464
                                              OBSERVATION
                                  46992    14973     1937      339       91       13        1        0 |     64346
                                  36078    58544    16022     2428      595      103       19        0 |    113789
                                   7449    42490    48127    16392     2408      619       86        1 |    117572
                    sam0mbr000     1519    11141    34551    42544    12456     1749      340        0 |    104300
                                    364     2018     8216    23697    25661     9612     1380        0 |     70948
                                     58      375     1323     3924     9619    13539     5691        4 |     34533
                                     13       63      139      494     1351     3507    10833      340 |     16740
                                      0        1        0        2        2        0       85      146 |       236

                    SUM           92473   129605   110315    89820    52183    29142    18435      491 |    522464
                                              OBSERVATION
                                  46900    14849     1945      333      101       12        4        0 |     64144
                                  36238    58487    16069     2477      592       89       13        0 |    113965
                                   7408    42632    48012    16444     2378      644       85        1 |    117604
                    sam4mbr000     1507    11190    34645    42488    12387     1713      337        0 |    104267
                                    338     1968     8182    23683    25763     9635     1403        1 |     70973
                                     71      413     1305     3901     9631    13523     5664        2 |     34510
                                     11       64      157      493     1329     3526    10848      335 |     16763
                                      0        2        0        1        2        0       81      152 |       238

                    SUM           92473   129605   110315    89820    52183    29142    18435      491 |    522464

